1.88 1.20 1.49
2.12 1.93 0.51
1.48 0.92 0.95
1.21 1.07 1.73
1.38 1.06 1.22
1.17 1.75 0.90
1.16 0.57 -0.28
1.33 1.43 0.63
2.13 0.27 1.02
0.91 1.77 1.73
1.08 1.19 0.56
0.01 0.83 1.08
1.62 1.60 0.81
0.85 0.48 0.29
0.15 1.98 0.75
0.78 0.37 1.39
0.19 0.89 0.55
1.19 0.74 0.41
0.99 1.21 1.03
1.15 0.68 0.82
0.66 0.82 0.59
0.14 1.09 0.80
0.18 1.23 0.55
1.03 1.36 1.06
1.57 0.38 1.20
0.66 0.56 0.71
0.84 1.03 0.42
1.45 1.23 0.23
1.74 1.95 1.59
0.91 0.46 1.53
7.80 1.61 2.10
8.49 1.18 2.35
8.01 1.89 2.06
8.20 1.94 1.33
7.36 1.48 1.41
8.97 0.79 1.63
8.96 1.74 2.93
8.45 0.57 2.96
7.87 1.40 2.47
7.92 1.31 2.46
8.19 0.45 2.15
8.66 0.65 1.93
7.78 1.92 2.34
8.20 0.62 2.27
7.66 1.02 1.68
8.34 1.29 1.90
8.20 0.45 1.25
8.22 1.08 2.32
9.19 1.47 1.54
8.56 0.34 1.77
7.97 1.86 1.63
7.59 0.95 1.67
8.56 0.46 1.43
7.78 0.75 2.96
8.47 1.04 1.39
8.42 0.50 1.23
8.59 1.16 2.46
8.16 1.43 1.67
7.48 1.34 1.60
7.66 0.77 2.01
0.82 7.31 1.68
-0.11 8.31 1.20
0.45 8.03 1.63
1.77 7.35 2.13
0.98 7.42 2.26
0.91 8.39 2.41
2.08 8.67 1.82
0.88 8.55 2.33
1.32 7.19 1.99
0.63 8.14 1.95
1.46 8.16 2.39
0.77 7.53 1.79
0.99 8.19 3.13
0.98 7.52 1.83
0.77 8.24 1.23
1.03 8.08 2.12
0.70 7.88 1.29
0.75 7.73 2.21
0.42 8.39 2.75
-0.03 8.21 2.34
0.68 7.80 1.93
0.85 7.85 1.16
1.58 8.54 1.59
0.27 8.26 1.71
1.07 7.84 2.35
1.35 7.64 1.31
0.21 8.31 1.41
0.75 7.70 1.97
0.03 8.09 2.26
1.04 7.84 2.05
8.20 6.61 1.98
8.20 7.67 0.80
8.25 7.94 -0.02
9.03 7.94 1.51
7.65 8.77 1.14
8.30 7.48 1.61
8.34 8.65 0.69
7.76 9.15 0.47
7.93 8.57 1.05
8.29 7.80 1.19
7.35 8.83 0.94
7.66 8.33 0.77
7.33 7.33 1.35
7.92 7.93 1.54
7.44 7.63 0.81
8.05 7.98 0.86
7.97 7.95 0.64
7.59 8.14 0.55
7.42 7.84 0.92
9.13 7.65 1.47
8.37 7.41 1.39
7.41 6.67 1.30
7.12 8.23 0.66
8.83 8.53 0.77
7.66 7.39 0.78
7.86 7.82 1.08
8.29 8.17 0.62
7.28 8.68 0.66
7.67 7.74 0.08
7.76 7.76 1.31
